Conjunto de treinamento ...
[('A', 5801), ('B', 10790), ('C', 0), ('D', 0), ('E', 0), ('F', 0), ('G', 0), ('H', 0)]
Conjunto de teste ...
[('A', 5158), ('B', 3899), ('C', 0), ('D', 0), ('E', 0), ('F', 0), ('G', 0), ('H', 0)]
0.9101247653748482
[[4616  542    0    0    0    0    0    0]
 [ 272 3627    0    0    0    0    0    0]
 [   0    0    0    0    0    0    0    0]
 [   0    0    0    0    0    0    0    0]
 [   0    0    0    0    0    0    0    0]
 [   0    0    0    0    0    0    0    0]
 [   0    0    0    0    0    0    0    0]
 [   0    0    0    0    0    0    0    0]]
