Conjunto de treinamento ...
[('A', 5801), ('B', 10790), ('C', 10003), ('D', 1352), ('E', 2172), ('F', 5284), ('G', 5213), ('H', 5701)]
Conjunto de teste ...
[('A', 5158), ('B', 3899), ('C', 6241), ('D', 358), ('E', 854), ('F', 1401), ('G', 5086), ('H', 5926)]
0.7485737993984026
[[3719  317  593   23   40   73  330   63]
 [ 238 2743  390   44   72  175  170   67]
 [ 497  282 5086   39   23   54  201   59]
 [  17   31   33  262    1    6    5    3]
 [  33  119   21    1  597   56   19    8]
 [  50  131   49    5   32 1061   29   44]
 [ 204  350  296    9   41   86 3415  685]
 [  31  171  152    2   10   70  722 4768]]
