AB com acurácia: 0.7569754174878125
[[3700  309  648   22   30   69  319   61]
 [ 200 2770  430   39   62  174  160   64]
 [ 390  240 5302   42   16   51  140   60]
 [  16   45   43  242    2    4    4    2]
 [  34  133   28    1  579   51   19    9]
 [  50  129   50    5   28 1066   28   45]
 [ 195  352  329   12   36   70 3449  643]
 [  29  170  177    3   10   63  688 4786]]
AC com acurácia: 0.7385471769871729
[[3368  381  891   14   23   77  325   79]
 [ 173 2768  506   38   43  166  137   68]
 [ 289  210 5495   36   13   50   93   55]
 [  23   70   54  194    4    6    5    2]
 [  38  188   35    1  489   65   24   14]
 [  46  167   59    4   19 1025   32   49]
 [ 218  378  415   12   30   62 3283  688]
 [  35  176  209    3    9   69  686 4739]]
AD com acurácia: 0.7485737993984026
[[3719  317  593   23   40   73  330   63]
 [ 238 2743  390   44   72  175  170   67]
 [ 497  282 5086   39   23   54  201   59]
 [  17   31   33  262    1    6    5    3]
 [  33  119   21    1  597   56   19    8]
 [  50  131   49    5   32 1061   29   44]
 [ 204  350  296    9   41   86 3415  685]
 [  31  171  152    2   10   70  722 4768]]
AE com acurácia: 0.7485737993984026
[[3719  317  593   23   40   73  330   63]
 [ 238 2743  390   44   72  175  170   67]
 [ 497  282 5086   39   23   54  201   59]
 [  17   31   33  262    1    6    5    3]
 [  33  119   21    1  597   56   19    8]
 [  50  131   49    5   32 1061   29   44]
 [ 204  350  296    9   41   86 3415  685]
 [  31  171  152    2   10   70  722 4768]]
AF com acurácia: 0.7569754174878125
[[3700  309  648   22   30   69  319   61]
 [ 200 2770  430   39   62  174  160   64]
 [ 390  240 5302   42   16   51  140   60]
 [  16   45   43  242    2    4    4    2]
 [  34  133   28    1  579   51   19    9]
 [  50  129   50    5   28 1066   28   45]
 [ 195  352  329   12   36   70 3449  643]
 [  29  170  177    3   10   63  688 4786]]
AG com acurácia: 0.7569754174878125
[[3700  309  648   22   30   69  319   61]
 [ 200 2770  430   39   62  174  160   64]
 [ 390  240 5302   42   16   51  140   60]
 [  16   45   43  242    2    4    4    2]
 [  34  133   28    1  579   51   19    9]
 [  50  129   50    5   28 1066   28   45]
 [ 195  352  329   12   36   70 3449  643]
 [  29  170  177    3   10   63  688 4786]]
AH com acurácia: 0.7485737993984026
[[3719  317  593   23   40   73  330   63]
 [ 238 2743  390   44   72  175  170   67]
 [ 497  282 5086   39   23   54  201   59]
 [  17   31   33  262    1    6    5    3]
 [  33  119   21    1  597   56   19    8]
 [  50  131   49    5   32 1061   29   44]
 [ 204  350  296    9   41   86 3415  685]
 [  31  171  152    2   10   70  722 4768]]
BC com acurácia: 0.6757943505168896
[[2347  793 1513    4    9   79  321   92]
 [  71 2880  618    9   16  139   94   72]
 [  86  211 5807   15    4   36   38   44]
 [  14  144  108   82    0    6    2    2]
 [  21  461   67    0  210   66    9   20]
 [  40  312   83    3    3  881   38   41]
 [ 148  639  628    6   16   68 2802  779]
 [  27  283  312    0    1   58  708 4537]]
BD com acurácia: 0.7485737993984026
[[3719  317  593   23   40   73  330   63]
 [ 238 2743  390   44   72  175  170   67]
 [ 497  282 5086   39   23   54  201   59]
 [  17   31   33  262    1    6    5    3]
 [  33  119   21    1  597   56   19    8]
 [  50  131   49    5   32 1061   29   44]
 [ 204  350  296    9   41   86 3415  685]
 [  31  171  152    2   10   70  722 4768]]
BE com acurácia: 0.7569754174878125
[[3700  309  648   22   30   69  319   61]
 [ 200 2770  430   39   62  174  160   64]
 [ 390  240 5302   42   16   51  140   60]
 [  16   45   43  242    2    4    4    2]
 [  34  133   28    1  579   51   19    9]
 [  50  129   50    5   28 1066   28   45]
 [ 195  352  329   12   36   70 3449  643]
 [  29  170  177    3   10   63  688 4786]]
BF com acurácia: 0.7385471769871729
[[3368  381  891   14   23   77  325   79]
 [ 173 2768  506   38   43  166  137   68]
 [ 289  210 5495   36   13   50   93   55]
 [  23   70   54  194    4    6    5    2]
 [  38  188   35    1  489   65   24   14]
 [  46  167   59    4   19 1025   32   49]
 [ 218  378  415   12   30   62 3283  688]
 [  35  176  209    3    9   69  686 4739]]
BG com acurácia: 0.7569754174878125
[[3700  309  648   22   30   69  319   61]
 [ 200 2770  430   39   62  174  160   64]
 [ 390  240 5302   42   16   51  140   60]
 [  16   45   43  242    2    4    4    2]
 [  34  133   28    1  579   51   19    9]
 [  50  129   50    5   28 1066   28   45]
 [ 195  352  329   12   36   70 3449  643]
 [  29  170  177    3   10   63  688 4786]]
BH com acurácia: 0.7569754174878125
[[3700  309  648   22   30   69  319   61]
 [ 200 2770  430   39   62  174  160   64]
 [ 390  240 5302   42   16   51  140   60]
 [  16   45   43  242    2    4    4    2]
 [  34  133   28    1  579   51   19    9]
 [  50  129   50    5   28 1066   28   45]
 [ 195  352  329   12   36   70 3449  643]
 [  29  170  177    3   10   63  688 4786]]
CD com acurácia: 0.7485737993984026
[[3719  317  593   23   40   73  330   63]
 [ 238 2743  390   44   72  175  170   67]
 [ 497  282 5086   39   23   54  201   59]
 [  17   31   33  262    1    6    5    3]
 [  33  119   21    1  597   56   19    8]
 [  50  131   49    5   32 1061   29   44]
 [ 204  350  296    9   41   86 3415  685]
 [  31  171  152    2   10   70  722 4768]]
CE com acurácia: 0.7485737993984026
[[3719  317  593   23   40   73  330   63]
 [ 238 2743  390   44   72  175  170   67]
 [ 497  282 5086   39   23   54  201   59]
 [  17   31   33  262    1    6    5    3]
 [  33  119   21    1  597   56   19    8]
 [  50  131   49    5   32 1061   29   44]
 [ 204  350  296    9   41   86 3415  685]
 [  31  171  152    2   10   70  722 4768]]
CF com acurácia: 0.7569754174878125
[[3700  309  648   22   30   69  319   61]
 [ 200 2770  430   39   62  174  160   64]
 [ 390  240 5302   42   16   51  140   60]
 [  16   45   43  242    2    4    4    2]
 [  34  133   28    1  579   51   19    9]
 [  50  129   50    5   28 1066   28   45]
 [ 195  352  329   12   36   70 3449  643]
 [  29  170  177    3   10   63  688 4786]]
CG com acurácia: 0.7569754174878125
[[3700  309  648   22   30   69  319   61]
 [ 200 2770  430   39   62  174  160   64]
 [ 390  240 5302   42   16   51  140   60]
 [  16   45   43  242    2    4    4    2]
 [  34  133   28    1  579   51   19    9]
 [  50  129   50    5   28 1066   28   45]
 [ 195  352  329   12   36   70 3449  643]
 [  29  170  177    3   10   63  688 4786]]
CH com acurácia: 0.7569754174878125
[[3700  309  648   22   30   69  319   61]
 [ 200 2770  430   39   62  174  160   64]
 [ 390  240 5302   42   16   51  140   60]
 [  16   45   43  242    2    4    4    2]
 [  34  133   28    1  579   51   19    9]
 [  50  129   50    5   28 1066   28   45]
 [ 195  352  329   12   36   70 3449  643]
 [  29  170  177    3   10   63  688 4786]]
DE com acurácia: 0.7485737993984026
[[3719  317  593   23   40   73  330   63]
 [ 238 2743  390   44   72  175  170   67]
 [ 497  282 5086   39   23   54  201   59]
 [  17   31   33  262    1    6    5    3]
 [  33  119   21    1  597   56   19    8]
 [  50  131   49    5   32 1061   29   44]
 [ 204  350  296    9   41   86 3415  685]
 [  31  171  152    2   10   70  722 4768]]
DF com acurácia: 0.7485737993984026
[[3719  317  593   23   40   73  330   63]
 [ 238 2743  390   44   72  175  170   67]
 [ 497  282 5086   39   23   54  201   59]
 [  17   31   33  262    1    6    5    3]
 [  33  119   21    1  597   56   19    8]
 [  50  131   49    5   32 1061   29   44]
 [ 204  350  296    9   41   86 3415  685]
 [  31  171  152    2   10   70  722 4768]]
DG com acurácia: 0.7179753137641324
[[3578  377  600   31   45   91  355   81]
 [ 268 2634  381   56   96  188  190   86]
 [ 575  337 4882   41   20   66  238   82]
 [  17   31   32  255    5    8    6    4]
 [  34  119   20    4  570   68   32    7]
 [  54  139   50    6   35 1035   30   52]
 [ 228  395  301   14   55  119 3223  751]
 [  43  208  164    2   18   88  814 4589]]
DH com acurácia: 0.7485737993984026
[[3719  317  593   23   40   73  330   63]
 [ 238 2743  390   44   72  175  170   67]
 [ 497  282 5086   39   23   54  201   59]
 [  17   31   33  262    1    6    5    3]
 [  33  119   21    1  597   56   19    8]
 [  50  131   49    5   32 1061   29   44]
 [ 204  350  296    9   41   86 3415  685]
 [  31  171  152    2   10   70  722 4768]]
EF com acurácia: 0.7485737993984026
[[3719  317  593   23   40   73  330   63]
 [ 238 2743  390   44   72  175  170   67]
 [ 497  282 5086   39   23   54  201   59]
 [  17   31   33  262    1    6    5    3]
 [  33  119   21    1  597   56   19    8]
 [  50  131   49    5   32 1061   29   44]
 [ 204  350  296    9   41   86 3415  685]
 [  31  171  152    2   10   70  722 4768]]
EG com acurácia: 0.7485737993984026
[[3719  317  593   23   40   73  330   63]
 [ 238 2743  390   44   72  175  170   67]
 [ 497  282 5086   39   23   54  201   59]
 [  17   31   33  262    1    6    5    3]
 [  33  119   21    1  597   56   19    8]
 [  50  131   49    5   32 1061   29   44]
 [ 204  350  296    9   41   86 3415  685]
 [  31  171  152    2   10   70  722 4768]]
EH com acurácia: 0.7485737993984026
[[3719  317  593   23   40   73  330   63]
 [ 238 2743  390   44   72  175  170   67]
 [ 497  282 5086   39   23   54  201   59]
 [  17   31   33  262    1    6    5    3]
 [  33  119   21    1  597   56   19    8]
 [  50  131   49    5   32 1061   29   44]
 [ 204  350  296    9   41   86 3415  685]
 [  31  171  152    2   10   70  722 4768]]
FG com acurácia: 0.7569754174878125
[[3700  309  648   22   30   69  319   61]
 [ 200 2770  430   39   62  174  160   64]
 [ 390  240 5302   42   16   51  140   60]
 [  16   45   43  242    2    4    4    2]
 [  34  133   28    1  579   51   19    9]
 [  50  129   50    5   28 1066   28   45]
 [ 195  352  329   12   36   70 3449  643]
 [  29  170  177    3   10   63  688 4786]]
FH com acurácia: 0.7569754174878125
[[3700  309  648   22   30   69  319   61]
 [ 200 2770  430   39   62  174  160   64]
 [ 390  240 5302   42   16   51  140   60]
 [  16   45   43  242    2    4    4    2]
 [  34  133   28    1  579   51   19    9]
 [  50  129   50    5   28 1066   28   45]
 [ 195  352  329   12   36   70 3449  643]
 [  29  170  177    3   10   63  688 4786]]
