Types [2] and maxint [24] detected
--- Evolve in 25 possible combinations ---
gen	nevals	avg     	min     	max     	std     
0  	50    	0.690347	0.650353	0.749262	0.032528
1  	36    	0.712823	0.650353	0.749262	0.024666
2  	32    	0.728307	0.709782	0.749262	0.0156015
3  	32    	0.740195	0.650353	0.749262	0.0159936
4  	19    	0.746989	0.709963	0.749262	0.00664339
5  	35    	0.747543	0.663311	0.749262	0.012033  
6  	29    	0.749262	0.749262	0.749262	0         
7  	28    	0.749262	0.749262	0.749262	0         
8  	34    	0.745305	0.650353	0.749262	0.0193821 
9  	34    	0.748482	0.710265	0.749262	0.00545959
10 	34    	0.749262	0.749262	0.749262	0         
11 	31    	0.747283	0.650353	0.749262	0.0138473 
12 	34    	0.743962	0.650353	0.749262	0.0194806 
13 	38    	0.746508	0.650353	0.749262	0.0147689 
14 	26    	0.749262	0.749262	0.749262	0         
15 	35    	0.748461	0.70924 	0.749262	0.00560304
16 	28    	0.749015	0.736906	0.749262	0.00172985
17 	25    	0.749262	0.749262	0.749262	0         
18 	21    	0.748482	0.710265	0.749262	0.00545959
19 	26    	0.746748	0.663311	0.749262	0.0131524 
20 	31    	0.749262	0.749262	0.749262	0         
21 	37    	0.749262	0.749262	0.749262	0         
22 	22    	0.749262	0.749262	0.749262	0         
23 	28    	0.749262	0.749262	0.749262	0         
24 	35    	0.747036	0.650353	0.749262	0.0139198 
25 	26    	0.748477	0.710024	0.749262	0.00549334
26 	32    	0.749262	0.749262	0.749262	0         
27 	28    	0.749262	0.749262	0.749262	0         
28 	31    	0.749015	0.736906	0.749262	0.00172985
29 	30    	0.747283	0.650353	0.749262	0.0138473 
30 	34    	0.746485	0.650353	0.749262	0.0148255 
31 	33    	0.749015	0.736906	0.749262	0.00172985
32 	20    	0.746487	0.650353	0.749262	0.0148225 
33 	36    	0.749262	0.749262	0.749262	0         
34 	33    	0.748485	0.710445	0.749262	0.00543427
35 	24    	0.749262	0.749262	0.749262	0         
36 	34    	0.748485	0.710445	0.749262	0.00543427
37 	26    	0.749262	0.749262	0.749262	0         
38 	23    	0.749262	0.749262	0.749262	0         
39 	34    	0.748464	0.70936 	0.749262	0.00558616
40 	27    	0.745305	0.650353	0.749262	0.0193821 
41 	33    	0.747543	0.663311	0.749262	0.012033  
42 	30    	0.749262	0.749262	0.749262	0         
43 	26    	0.748466	0.709481	0.749262	0.00556928
44 	30    	0.749262	0.749262	0.749262	0         
45 	36    	0.748468	0.709602	0.749262	0.00555241
46 	29    	0.747283	0.650353	0.749262	0.0138473 
47 	33    	0.747693	0.709722	0.749262	0.00768345
48 	41    	0.748462	0.7093  	0.749262	0.0055946 
49 	32    	0.749262	0.749262	0.749262	0         
50 	32    	0.749262	0.749262	0.749262	0         
51 	28    	0.747036	0.650353	0.749262	0.0139198 
52 	29    	0.745305	0.650353	0.749262	0.0193821 
53 	27    	0.749015	0.736906	0.749262	0.00172985
54 	26    	0.746422	0.650353	0.749262	0.0144757 
55 	34    	0.749262	0.749262	0.749262	0         
56 	33    	0.746748	0.663311	0.749262	0.0131524 
57 	20    	0.749262	0.749262	0.749262	0         
58 	28    	0.747283	0.650353	0.749262	0.0138473 
59 	34    	0.749015	0.736906	0.749262	0.00172985
60 	24    	0.749262	0.749262	0.749262	0         
61 	34    	0.747036	0.650353	0.749262	0.0139198 
62 	28    	0.747681	0.709722	0.749262	0.00774223
63 	37    	0.746494	0.650353	0.749262	0.0148044 
64 	30    	0.749262	0.749262	0.749262	0         
65 	29    	0.749262	0.749262	0.749262	0         
66 	34    	0.749262	0.749262	0.749262	0         
67 	27    	0.749262	0.749262	0.749262	0         
68 	28    	0.749262	0.749262	0.749262	0         
69 	35    	0.74847 	0.709662	0.749262	0.00554397
70 	27    	0.747846	0.70924 	0.749262	0.00699502
71 	33    	0.744504	0.650353	0.749262	0.0200203 
72 	32    	0.749262	0.749262	0.749262	0         
73 	39    	0.747283	0.650353	0.749262	0.0138473 
74 	33    	0.745695	0.650353	0.749262	0.0156858 
75 	36    	0.749262	0.749262	0.749262	0         
76 	33    	0.747283	0.650353	0.749262	0.0138473 
77 	33    	0.749262	0.749262	0.749262	0         
78 	25    	0.749262	0.749262	0.749262	0         
79 	24    	0.746886	0.70918 	0.749262	0.00940487
80 	23    	0.747679	0.70924 	0.749262	0.00775456
81 	27    	0.747543	0.663311	0.749262	0.012033  
82 	30    	0.749262	0.749262	0.749262	0         
83 	29    	0.748467	0.709541	0.749262	0.00556085
84 	29    	0.749262	0.749262	0.749262	0         
85 	28    	0.749262	0.749262	0.749262	0         
86 	28    	0.747283	0.650353	0.749262	0.0138473 
87 	35    	0.749262	0.749262	0.749262	0         
88 	30    	0.749262	0.749262	0.749262	0         
89 	26    	0.74847 	0.709662	0.749262	0.00554397
90 	34    	0.746491	0.650353	0.749262	0.0148104 
91 	35    	0.746669	0.650353	0.749262	0.0144165 
92 	20    	0.749262	0.749262	0.749262	0         
93 	29    	0.747283	0.650353	0.749262	0.0138473 
94 	31    	0.749262	0.749262	0.749262	0         
95 	30    	0.747687	0.70936 	0.749262	0.00771346
96 	30    	0.746491	0.650353	0.749262	0.0148104 
97 	28    	0.749262	0.749262	0.749262	0         
98 	26    	0.749262	0.749262	0.749262	0         
99 	25    	0.749262	0.749262	0.749262	0         
100	23    	0.745055	0.650353	0.749262	0.0194104 
101	28    	0.749262	0.749262	0.749262	0         
102	25    	0.747283	0.650353	0.749262	0.0138473 
103	35    	0.745728	0.650353	0.749262	0.0156087 
104	30    	0.749262	0.749262	0.749262	0         
105	32    	0.747283	0.650353	0.749262	0.0138473 
106	33    	0.749262	0.749262	0.749262	0         
107	29    	0.747283	0.650353	0.749262	0.0138473 
108	33    	0.746488	0.650353	0.749262	0.0148194 
109	34    	0.748458	0.709059	0.749262	0.00562835
110	31    	0.746483	0.650353	0.749262	0.0148315 
111	27    	0.749262	0.749262	0.749262	0         
112	34    	0.747543	0.663311	0.749262	0.012033  
113	27    	0.749262	0.749262	0.749262	0         
114	34    	0.749262	0.749262	0.749262	0         
115	30    	0.748764	0.736725	0.749262	0.00243907
116	32    	0.749262	0.749262	0.749262	0         
117	29    	0.749262	0.749262	0.749262	0         
118	25    	0.749262	0.749262	0.749262	0         
119	32    	0.747543	0.663311	0.749262	0.012033  
120	35    	0.749262	0.749262	0.749262	0         
121	38    	0.746669	0.650353	0.749262	0.0144165 
122	28    	0.749262	0.749262	0.749262	0         
123	22    	0.748487	0.710506	0.749262	0.00542583
124	29    	0.749015	0.736906	0.749262	0.00172985
125	34    	0.748482	0.710265	0.749262	0.00545959
126	33    	0.749262	0.749262	0.749262	0         
127	18    	0.748484	0.710385	0.749262	0.00544271
128	26    	0.749262	0.749262	0.749262	0         
129	29    	0.747283	0.650353	0.749262	0.0138473 
130	29    	0.749262	0.749262	0.749262	0         
131	34    	0.746496	0.650353	0.749262	0.0147985 
132	31    	0.749262	0.749262	0.749262	0         
133	27    	0.747283	0.650353	0.749262	0.0138473 
134	32    	0.749262	0.749262	0.749262	0         
135	24    	0.747283	0.650353	0.749262	0.0138473 
136	30    	0.747283	0.650353	0.749262	0.0138473 
137	36    	0.749262	0.749262	0.749262	0         
138	26    	0.748206	0.708818	0.749262	0.0058866 
139	34    	0.748484	0.710385	0.749262	0.00544271
140	24    	0.747283	0.650353	0.749262	0.0138473 
141	32    	0.747283	0.650353	0.749262	0.0138473 
142	24    	0.747674	0.708999	0.749262	0.0077785 
143	34    	0.749015	0.736906	0.749262	0.00172985
144	33    	0.748464	0.70936 	0.749262	0.00558616
145	28    	0.747543	0.663311	0.749262	0.012033  
146	25    	0.748032	0.718522	0.749262	0.0060237 
147	27    	0.747283	0.650353	0.749262	0.0138473 
148	31    	0.749262	0.749262	0.749262	0         
149	25    	0.747283	0.650353	0.749262	0.0138473 
150	36    	0.747283	0.650353	0.749262	0.0138473 
151	30    	0.748477	0.710024	0.749262	0.00549334
152	35    	0.749262	0.749262	0.749262	0         
153	26    	0.746483	0.650353	0.749262	0.0148315 
154	32    	0.749262	0.749262	0.749262	0         
155	30    	0.748453	0.708818	0.749262	0.00566211
156	34    	0.747283	0.650353	0.749262	0.0138473 
157	34    	0.749262	0.749262	0.749262	0         
158	31    	0.747283	0.650353	0.749262	0.0138473 
159	26    	0.749262	0.749262	0.749262	0         
160	21    	0.749262	0.749262	0.749262	0         
161	33    	0.744512	0.650353	0.749262	0.0200055 
162	29    	0.749262	0.749262	0.749262	0         
163	28    	0.743327	0.650353	0.749262	0.0234896 
164	30    	0.749262	0.749262	0.749262	0         
165	31    	0.749262	0.749262	0.749262	0         
166	32    	0.748468	0.709602	0.749262	0.00555241
167	31    	0.747283	0.650353	0.749262	0.0138473 
168	32    	0.749262	0.749262	0.749262	0         
169	30    	0.748461	0.70924 	0.749262	0.00560304
170	31    	0.749262	0.749262	0.749262	0         
171	36    	0.747283	0.650353	0.749262	0.0138473 
172	28    	0.746261	0.650353	0.749262	0.014824  
173	27    	0.749262	0.749262	0.749262	0         
174	36    	0.748461	0.70924 	0.749262	0.00560304
175	28    	0.748214	0.70924 	0.749262	0.00583016
176	33    	0.745305	0.650353	0.749262	0.0193821 
177	28    	0.747283	0.650353	0.749262	0.0138473 
178	32    	0.747283	0.650353	0.749262	0.0138473 
179	29    	0.748484	0.710385	0.749262	0.00544271
180	34    	0.743586	0.650353	0.749262	0.0225135 
181	24    	0.749262	0.749262	0.749262	0         
182	35    	0.749262	0.749262	0.749262	0         
183	21    	0.749262	0.749262	0.749262	0         
184	34    	0.746487	0.650353	0.749262	0.0148225 
185	34    	0.749262	0.749262	0.749262	0         
186	33    	0.745715	0.650353	0.749262	0.015639  
187	25    	0.749262	0.749262	0.749262	0         
188	35    	0.747036	0.650353	0.749262	0.0139198 
189	35    	0.749262	0.749262	0.749262	0         
190	29    	0.745305	0.650353	0.749262	0.0193821 
191	25    	0.749262	0.749262	0.749262	0         
192	29    	0.749011	0.736725	0.749262	0.00175517
193	24    	0.746483	0.650353	0.749262	0.0148315 
194	30    	0.747673	0.709421	0.749262	0.0077836 
195	36    	0.746482	0.650353	0.749262	0.0148346 
196	34    	0.748485	0.710445	0.749262	0.00543427
197	31    	0.748465	0.709421	0.749262	0.00557772
198	31    	0.748647	0.718522	0.749262	0.00430354
199	29    	0.749262	0.749262	0.749262	0         
200	25    	0.748647	0.718522	0.749262	0.00430354
Best individual is: {'C': 0.1778279410038923}
with fitness: 0.7492616478813815
