Conjunto de treinamento ...
[('A', 5801), ('B', 10790), ('C', 10003), ('D', 1352), ('E', 2172), ('F', 1077), ('G', 5213), ('H', 5701)]
Conjunto de teste ...
[('A', 5158), ('B', 3899), ('C', 6241), ('D', 358), ('E', 854), ('F', 1401), ('G', 5086), ('H', 5926)]
0.7479860318777444
[[3783  377  475   33   47   21  338   84]
 [ 211 2925  345   47   74   21  190   86]
 [ 387  244 5327   34   15   11  162   61]
 [  13   33   27  266    3    1   11    4]
 [  42  150   22    2  599    8   22    9]
 [  88  629   73    8   65  357   86   95]
 [ 170  376  242    8   36   21 3566  667]
 [  31  196  136    5   16   22  709 4811]]
